%YAML:1.0
---
cameraMatrix: !!opencv-matrix
   rows: 3
   cols: 3
   dt: d
   data: [ 6.3669596699799411e+02, 0., 3.1498762624935216e+02, 0.,
       6.3669596699799411e+02, 2.5009724661073849e+02, 0., 0., 1. ]
distCoeffs: !!opencv-matrix
   rows: 1
   cols: 5
   dt: d
   data: [ -4.8608330648672897e-03, 1.3166705925163671e-01,
       5.5487793446349996e-03, -4.4900527607502957e-03,
       -4.3269207603965726e-01 ]
